61.235000 -149.869000 238
61.156000 -149.792000 514
61.113000 -149.856000 354
61.087000 -149.750000 412
61.178000 -150.015000 309
61.157000 -149.869000 394
61.140000 -149.781000 524
61.224000 -149.822000 366
61.219000 -149.718000 474
61.200000 -149.911000 284
61.191000 -149.822000 491
61.160000 -150.001000 270
61.177000 -149.919000 274
61.185000 -149.744000 582
61.130000 -149.928000 269
39.519257 -119.931649 401
39.543588 -119.918360 400
39.547959 -119.882618 438
39.573579 -119.909399 499
39.521626 -119.924843 358
39.508458 -119.906235 397
39.486257 -119.959513 382
39.522879 -119.945548 340
39.528711 -119.936039 457
39.531111 -119.935872 296
39.531870 -119.930815 326
39.536208 -119.949028 413
33.238900 -115.513000 212
33.564090 -115.987630 318
33.397990 -115.658590 202
33.678100 -116.178000 263
33.814900 -116.461200 301
33.961700 -116.510500 359
33.757700 -116.374000 274
33.698840 -117.266400 646
33.875900 -117.592800 420
33.875590 -117.635490 341
33.669100 -117.332250 581
33.649110 -117.205250 565
33.777250 -118.133080 282
33.755130 -118.201150 230
33.768560 -118.196540 322
34.502500 -117.897000 506
34.133220 -117.252810 584
34.439420 -117.646440 423
34.103530 -118.100110 369
34.743350 -118.724930 421
34.546507 -118.129614 468
34.866370 -118.883590 437
34.570200 -118.029990 326
34.603350 -118.182120 330
38.514550 -119.479730 415
34.550480 -117.433990 375
34.687020 -118.299470 347
35.126900 -118.830090 348
35.344440 -119.104450 275
32.680050 -116.672150 511
36.578490 -121.039560 285
34.262150 -116.920840 356
33.921390 -116.980580 341
33.655130 -115.453640 763
34.940100 -119.413140 305
34.000570 -115.998160 796
34.238830 -117.658530 500
33.990530 -118.361710 300
36.610870 -121.314670 486
34.069480 -116.388960 524
34.069310 -116.389930 524
33.750300 -114.523730 1029
33.364650 -115.729630 202
33.268200 -116.417160 619
34.682180 -118.574060 461
34.136780 -118.121990 399
37.163460 -121.626450 600
37.450350 -121.800370 519
35.308190 -119.845830 310
34.139720 -118.127150 361
35.524750 -117.364590 432
37.258980 -121.673110 400
36.549980 -117.802940 715
34.333380 -118.025880 927
33.998800 -117.680260 292
37.372890 -121.768870 471
33.401840 -118.414960 505
35.815740 -117.597510 1464
37.607910 -121.964420 517
34.136240 -118.127050 340
37.724100 -122.119270 378
33.655110 -115.990040 370
33.354860 -118.444360 756
36.439070 -118.080480 580
34.637250 -115.380100 477
35.221320 -120.846690 517
33.566670 -116.630560 361
32.998860 -116.941880 611
32.805350 -115.446770 196
35.142550 -116.103950 1329
32.658770 -116.099840 625
34.881100 -117.993880 1242
32.890830 -116.845660 805
33.116450 -115.822710 238
34.093550 -116.935880 416
34.728320 -119.988030 489
36.467170 -116.863220 433
34.552660 -120.502350 338
33.051490 -114.827060 743
34.784570 -115.659940 943
33.153700 -117.229210 559
36.996060 -117.366150 386
35.301770 -116.805740 679
37.025330 -121.484760 646
34.829540 -116.336370 726
33.796730 -116.221530 557
32.650120 -116.109480 1058
34.157340 -115.145130 981
35.662780 -118.474030 644
37.318610 -122.153140 584
37.120430 -122.155200 760
36.927420 -121.827650 323
33.080980 -116.597550 501
37.360450 -122.189860 437
37.154320 -121.734670 477
35.982490 -117.808850 623
37.403720 -122.175960 432
37.283950 -122.050260 376
34.366220 -116.612660 388
37.323630 -119.318700 1252
33.868890 -118.331430 257
34.735470 -120.279840 259
35.130660 -115.184160 448
34.990600 -118.341560 378
34.614040 -118.289290 505
34.807620 -118.867750 303
34.314780 -117.546420 506
35.479540 -117.682120 511
34.365600 -117.366830 365
37.760990 -118.944670 740
34.226450 -116.040730 1188
37.632270 -119.079350 580
34.136880 -118.126010 333
37.630190 -118.836050 308
37.659090 -118.979070 317
37.617110 -118.959760 565
34.812600 -119.145230 474
34.888480 -119.813620 522
34.038520 -116.647950 377
33.808010 -116.967890 244
35.484340 -115.553200 956
34.780350 -116.557980 419
34.767540 -114.618830 401
34.534120 -120.177370 297
33.555530 -115.945860 352
32.607780 -116.930360 489
35.730650 -120.249860 473
34.171410 -118.185230 714
34.303300 -114.142180 1312
33.611670 -116.459430 763
35.407730 -120.545560 384
35.866610 -120.479600 376
35.824020 -121.053960 422
33.824360 -116.511950 346
33.353610 -116.862650 465
33.795300 -117.609060 699
33.647850 -116.377690 786
36.215900 -120.801260 308
36.068800 -120.596180 560
35.636040 -120.869780 300
36.305230 -119.243840 282
34.874990 -116.996830 372
33.973270 -117.327550 360
33.973270 -117.327550 360
33.183130 -115.622570 309
33.280100 -115.985850 253
33.704420 -117.886690 222
34.688440 -117.824200 1131
34.440760 -119.714920 485
33.480460 -119.029860 854
34.232460 -117.234900 393
32.979900 -118.546970 442
33.995490 -119.635140 313
32.784000 -117.138050 439
32.735610 -116.942410 827
35.168980 -120.763190 818
35.899640 -116.275180 356
34.292240 -119.166940 249
35.890950 -117.283320 482
33.485190 -115.866430 336
33.833590 -116.797370 499
35.314020 -119.995790 225
35.376880 -120.612360 847
34.270910 -118.744070 260
35.011080 -120.409970 676
33.247860 -119.524370 541
34.035150 -116.807780 503
36.200570 -118.766240 924
32.945030 -115.799900 503
34.527750 -119.978340 440
34.382060 -117.678190 586
35.291300 -118.420790 895
35.145800 -119.419410 332
33.650660 -116.077340 452
37.054220 -118.230090 396
33.575260 -116.225840 1100
35.435840 -115.923890 819
34.413570 -119.843680 300
34.483720 -118.117810 405
35.840880 -119.084890 393
36.320970 -119.382240 341
35.239790 -120.869510 262
35.536640 -118.140350 402
32.759050 -115.731520 242
34.510850 -119.274070 660
34.113950 -118.379670 1043
33.940680 -116.408760 587
36.014170 -115.263720 969
36.014150 -115.268720 1035
36.017160 -115.267850 1039
36.023090 -115.188920 949
36.020000 -115.187940 1069
36.032450 -115.256930 1093
36.124770 -115.271960 994
36.007200 -115.290550 859
36.007230 -115.295040 867
36.126460 -115.228880 472
36.117190 -115.336630 890
36.112900 -115.334480 1021
36.112030 -115.337650 908
36.114690 -115.341300 908
36.113920 -115.347360 869
36.040350 -115.193620 960
36.111490 -115.350990 1265
36.110140 -115.348140 1003
36.110440 -115.341660 899
36.027420 -115.177920 693
36.278650 -115.234640 344
36.044670 -115.193930 847
36.043750 -115.196620 927
36.277790 -115.230960 470
36.125120 -115.347060 710
36.127080 -115.350560 811
36.039120 -115.197470 808
36.067980 -115.251190 1114
36.063640 -115.265520 1274
36.285150 -115.234870 396
36.143040 -115.250810 1125
36.123830 -115.327490 686
36.080440 -115.292390 1006
36.067670 -115.282500 1334
36.000570 -115.216500 988
36.000570 -115.216500 924
36.000570 -115.216500 894
36.045470 -115.188990 945
35.997490 -115.255850 914
36.101070 -115.302370 966
35.996550 -115.232980 1170
36.014460 -115.138310 850
36.134850 -115.030440 718
36.066960 -115.161370 405
36.085780 -115.183770 600
36.072180 -115.263270 1056
36.001620 -115.259320 938
36.014300 -115.153050 853
36.113433 -115.185480 431
36.082190 -115.316730 928
36.111252 -115.185480 420
36.109071 -115.185480 460
36.188906 -115.142086 306
36.186669 -115.142366 309
36.186669 -115.142366 279
36.179003 -115.148540 389
36.176934 -115.148540 391
36.174864 -115.148540 409
36.105420 -115.185665 467
36.103680 -115.185595 441
36.079780 -115.244380 1018
36.101940 -115.185525 423
36.150092 -115.164790 498
36.148115 -115.166290 510
36.146138 -115.167790 577
36.157388 -115.160188 458
36.155365 -115.161125 455
36.153342 -115.162062 522
36.135237 -115.179002 661
36.133010 -115.179865 571
36.130783 -115.180728 529
36.100620 -115.304500 750
36.141242 -115.174253 494
36.139285 -115.175980 524
36.137328 -115.177707 537
36.143220 -115.173365 400
36.128433 -115.185428 458
36.125940 -115.185505 580
36.123447 -115.185582 439
36.214667 -115.126842 514
36.212636 -115.128314 567
36.210605 -115.129786 503
36.130530 -115.085200 430
36.195902 -115.140208 286
36.193719 -115.141239 229
36.191536 -115.142270 302
36.208402 -115.131290 454
36.206325 -115.132790 363
36.204248 -115.134290 288
36.202172 -115.135778 299
36.200195 -115.137315 327
36.198218 -115.138852 336
36.121455 -115.189998 484
36.130530 -115.085200 430
36.119205 -115.189915 454
36.116955 -115.189832 436
36.167145 -115.155303 477
36.164995 -115.156230 481
36.162845 -115.157157 502
36.172545 -115.149940 436
36.170815 -115.151900 424
36.169085 -115.153860 481
36.003100 -115.254390 975
36.006560 -115.245720 1253
36.006330 -115.251700 1256
35.985290 -115.164870 705
36.087880 -115.230480 1286
36.057340 -115.269020 1311
36.133120 -115.161580 544
36.147310 -115.340570 1294
35.466650 -114.904480 861
36.000520 -115.210440 882
36.000500 -115.213910 945
36.024240 -115.283520 998
36.024300 -115.292990 1174
36.024150 -115.288270 1099
36.047440 -115.247510 1128
36.051530 -115.250460 1110
36.049640 -115.256050 1084
36.042180 -115.251690 941
36.036020 -115.155620 446
36.112930 -115.303740 685
36.010480 -115.278900 1034
36.010410 -115.268950 990
36.010580 -115.263900 1434
36.010210 -115.277550 940
36.297610 -115.308100 1082
36.297670 -115.312350 1070
36.117120 -115.336520 890
36.112450 -115.334750 1021
36.111970 -115.337560 908
36.114670 -115.341740 908
36.113880 -115.347070 869
36.112740 -115.349220 1265
36.110560 -115.347960 1003
36.110530 -115.342090 899
36.006750 -115.119800 634
36.030970 -115.219520 962
36.138810 -115.161320 536
36.124240 -115.168590 458
36.124000 -115.166980 443
36.124100 -115.167620 438
36.123430 -115.169500 492
36.125010 -115.168290 504
36.124160 -115.168980 609
36.040650 -115.174680 524
36.060340 -115.218440 1167
36.003950 -115.213360 988
36.000490 -115.217510 924
36.001210 -115.211030 894
36.066540 -115.186820 506
35.997000 -115.138250 800
36.093490 -115.284290 933
36.047400 -115.247120 1124
36.051530 -115.250430 1109
36.050430 -115.255500 1086
36.042020 -115.251600 936
35.980230 -115.206880 988
35.977730 -115.205870 1207
35.974340 -115.206270 1170
35.977890 -115.200210 1061
36.003270 -115.295630 1420
36.003230 -115.291260 952
36.000150 -115.291090 931
36.129210 -115.350630 954
35.987110 -115.248440 1119
35.985390 -115.245320 1000
35.989010 -115.250760 1043
36.022280 -115.170600 621
35.982950 -115.193220 1077
36.058100 -115.248290 962
36.078710 -115.208950 786
36.065870 -115.212520 1143
36.015530 -115.319690 1021
36.071330 -115.295890 971
36.041820 -115.238060 1024
36.082170 -115.317320 928
36.064960 -115.234930 1079
36.273520 -115.020380 530
36.073140 -115.249350 1073
36.071370 -115.247040 1067
36.324000 -89.566000 204
36.323000 -89.567100 204
36.717000 -89.358000 195
36.716600 -89.361200 195
35.784000 -90.147000 193
36.781700 -90.149400 193
35.981000 -89.915000 200
35.981700 -89.913200 200
35.960000 -90.016000 209
35.960400 -90.016100 209
35.614000 -90.413000 224
35.614300 -90.411800 224
35.136000 -89.843000 215
35.136000 -89.846200 215
36.166000 -89.579000 180
36.161400 -89.578700 180
36.269000 -89.288000 247
36.262500 -89.287900 247
36.205000 -89.859000 224
36.262500 -89.287900 224
36.450000 -89.628000 197
36.453900 -89.628500 197
37.477444 -122.322764 449
37.318557 -122.156649 531
32.916051 -115.366829 189
32.894052 -115.380830 163
32.864054 -115.432833 209
32.855055 -115.466835 206
32.839057 -115.487836 203
32.829058 -115.504837 210
32.811059 -115.532839 206
32.794060 -115.549840 213
32.780061 -115.567841 203
32.752063 -115.594843 196
37.498005 -122.425539 388
32.718064 -115.637845 208
32.709065 -115.683846 250
32.796060 -115.535840 202
32.793060 -115.564841 192
32.988049 -115.509833 209
33.037050 -115.623838 194
32.930056 -115.700844 360
33.130045 -115.520832 198
33.180045 -115.620836 167
37.786433 -122.308094 190
37.461344 -122.343595 403
36.981534 -121.556315 276
36.981654 -121.555965 297
37.812533 -122.318794 249
37.622020 -122.399226 225
37.825513 -122.374015 172
37.404115 -122.141288 352
37.808763 -122.362015 572
37.528691 -122.256511 133
37.453474 -122.113338 207
37.791104 -122.459126 594
33.770303 -118.197574 381
37.046124 -121.805157 462
37.032551 -121.434890 334
37.428444 -122.256191 454
37.806433 -122.264014 317
37.419524 -122.201930 425
37.555740 -122.247791 126
37.402775 -122.025885 268
37.680906 -122.082257 735
37.944679 -122.511569 170
37.840932 -122.296494 199
33.778352 -118.185354 369
37.535271 -121.931083 285
37.596809 -121.881281 401
37.164029 -121.632539 489
37.452862 -121.807828 478
36.664366 -121.250252 331
36.673134 -121.196468 391
36.531298 -121.144674 304
36.889158 -121.412160 216
37.431895 -121.969414 234
37.318277 -122.061635 452
33.753083 -118.253696 218
37.656637 -122.085088 275
37.567990 -122.067477 219
37.609939 -122.091088 194
37.542721 -121.973304 316
37.420504 -122.142758 296
37.519941 -121.874131 733
37.340777 -121.983863 300
37.296618 -122.082756 987
37.656877 -122.061367 523
37.301338 -122.011083 456
33.832801 -118.154523 345
37.359116 -122.218030 381
37.419665 -122.111087 249
37.350506 -122.175539 562
37.410225 -122.308044 604
37.486333 -122.315544 437
37.493835 -122.434990 472
37.515506 -122.498322 347
37.697158 -122.457207 380
37.579940 -121.925803 558
37.694938 -122.474437 461
33.859461 -118.216756 246
37.528551 -122.253591 131
37.772155 -122.510257 286
37.772155 -122.504426 276
37.771935 -122.478196 761
37.782984 -122.388595 366
37.764655 -122.498036 361
37.691608 -122.496098 370
37.680499 -122.491938 291
37.750215 -122.448875 1037
37.700487 -122.433046 926
33.888911 -118.238697 335
37.685488 -122.488597 275
37.683828 -122.489708 338
37.546141 -122.232090 113
37.448553 -122.253311 515
37.538272 -122.334435 636
37.542162 -122.319984 887
37.296617 -121.852468 293
37.356896 -122.071086 447
37.808543 -122.279704 307
37.787433 -122.164980 788
33.892801 -118.224527 274
37.567720 -122.258591 131
37.776324 -122.405265 289
36.973565 -121.573286 1428
36.981344 -121.554955 312
36.986064 -121.537454 309
37.000153 -121.522764 222
37.026622 -121.486342 663
35.696362 -120.328768 276
35.670803 -120.359330 257
35.648584 -120.403782 409
37.570773 -122.449159 435
34.214179 -118.472589 364
35.708030 -120.172381 528
35.148862 -119.457075 424
35.714970 -120.205992 522
35.624973 -120.255995 340
35.973297 -120.577678 394
35.921639 -120.534336 297
33.668829 -116.673863 282
33.611681 -116.459409 725
33.711147 -116.713314 845
33.776962 -118.119521 366
33.633085 -117.957574 206
33.825021 -117.825902 619
33.896409 -117.926456 354
33.988907 -117.890077 335
37.623828 -122.130809 220
37.404665 -122.166369 546
34.071124 -118.030352 290
37.320397 -122.111457 867
35.920798 -120.451001 738
34.425172 -117.862909 845
37.801933 -122.400125 197
37.795634 -122.395175 168
37.777134 -122.406625 172
34.281007 -118.478030 333
34.208109 -118.518030 281
34.160711 -118.440327 302
34.170291 -118.231200 474
34.249008 -118.478130 365
34.311705 -118.490230 251
34.154311 -118.431627 258
34.293106 -118.484830 629
34.263308 -118.667335 557
34.211709 -118.606033 268
34.328105 -118.445129 440
34.311105 -118.496631 373
34.313005 -118.499231 526
34.036396 -118.378023 269
34.050295 -118.413424 366
34.395222 -118.664105 205
34.160490 -118.535330 257
34.310775 -118.480790 370
33.882140 -118.097712 249
37.341066 -121.851378 216
34.231439 -118.715016 715
34.177241 -118.358824 333
34.054414 -118.454125 392
34.049694 -118.449425 414
34.312885 -118.481820 281
34.313895 -118.492040 285
34.063214 -118.463326 417
34.063728 -117.289828 252
34.063648 -117.297988 275
34.037007 -118.178727 349
33.798021 -118.089310 227
33.886650 -118.094202 253
33.885910 -118.097912 230
34.032206 -118.053163 299
33.984927 -118.029802 676
37.493273 -122.297763 614
34.282787 -118.383987 302
34.090444 -118.093914 401
33.985367 -118.041512 323
33.895619 -118.085182 247
34.100743 -117.975000 545
34.130972 -118.031612 368
34.105357 -117.282898 326
34.115343 -118.131416 379
33.951598 -118.054602 382
40.698985 -124.201634 301
40.589549 -124.147478 405
34.309725 -118.440089 398
40.644236 -124.220942 355
40.584579 -124.146558 457
40.503202 -124.100313 312
37.543831 -122.236091 115
36.699273 -121.807775 298
37.316147 -121.903290 252
37.336666 -121.869879 233
37.117499 -121.551626 295
34.048016 -118.111915 468
34.257788 -118.465090 431
37.548239 -118.812673 359
37.478123 -122.148898 234
38.060126 -122.494521 106
36.138531 -120.360216 352
36.121432 -120.397358 617
36.284447 -120.293474 507
36.165830 -120.309583 246
36.307957 -120.249993 270
37.507142 -122.137128 143
34.194180 -118.595932 250
37.410875 -121.926772 264
34.185010 -119.036498 250
34.113071 -119.114000 219
34.200289 -119.199284 221
34.203899 -119.249566 251
34.277788 -119.252906 252
34.280837 -119.254286 288
37.555223 -122.468600 493
34.163901 -119.038727 324
33.973906 -118.456754 220
33.751971 -118.012856 230
34.180571 -118.305093 426
33.620856 -117.892572 265
33.828080 -118.023128 239
34.289726 -119.290958 392
34.225839 -119.188183 267
34.176950 -119.185673 216
33.829460 -118.379530 372
37.571052 -122.418038 647
33.745582 -118.085909 246
33.986688 -117.816734 378
33.981968 -117.819514 441
34.291396 -118.405097 680
34.318055 -118.432038 431
34.309445 -118.447879 379
34.330285 -118.452319 499
34.161830 -118.534090 380
34.239448 -118.523431 341
34.087515 -118.150916 421
37.459946 -122.419709 298
33.996689 -118.193137 297
34.051687 -118.251189 334
34.050297 -118.250090 423
34.086954 -118.338422 317
34.036404 -118.478706 432
33.956688 -118.382032 421
33.926408 -118.432312 318
34.255288 -118.531492 378
34.324505 -118.448429 406
34.192510 -118.507040 289
37.484115 -122.389707 268
34.516107 -118.607323 338
34.651191 -118.481329 346
34.763877 -118.104247 277
34.673990 -118.430527 425
34.614713 -118.277313 327
34.528609 -117.808959 478
34.512780 -117.817299 513
34.521498 -117.991514 442
34.510279 -117.922582 529
34.580895 -118.134518 552
37.330507 -122.083586 485
34.578095 -118.113418 453
35.026473 -118.992149 348
34.942076 -118.825342 670
34.871090 -118.899274 398
34.810783 -118.722036 308
34.556105 -118.490929 450
34.570835 -118.560651 602
34.608323 -118.559261 862
34.361106 -117.633601 486
34.277230 -117.335331 814
37.523005 -122.455820 864
34.308209 -117.316290 477
34.059738 -117.313949 302
34.136012 -118.122616 415
34.147512 -118.172027 969
34.120293 -118.299812 806
33.800301 -118.388699 281
34.424602 -119.701181 515
32.693058 -115.338830 223
32.669064 -115.492839 231
32.812055 -115.377831 203
38.772160 -90.777520 397
38.869470 -90.759190 419
38.846650 -90.760410 426
38.825990 -90.778280 603
38.823910 -90.811420 387
38.807170 -90.834780 448
38.775170 -90.824130 411
38.760970 -90.821980 440
38.773420 -90.859870 293
38.788190 -90.854480 449
38.763320 -90.785220 409
38.787160 -90.804730 436
38.787140 -90.758970 1123
38.803390 -90.770230 601
38.810320 -90.873370 384
38.754280 -90.868690 454
38.830880 -90.855350 840
38.844500 -90.846290 406
38.861810 -90.862400 555
38.857990 -90.830810 631
35.898467 -120.432900 261
35.752083 -120.265700 523
35.895233 -120.422883 384
35.926600 -120.457017 384
35.973083 -120.467100 468
35.870067 -120.405067 297
35.876683 -120.382583 309
35.908000 -120.459533 246
35.921050 -120.481300 308
35.939883 -120.424717 657
35.957333 -120.483117 381
35.898600 -120.432517 270
35.895483 -120.398933 542
35.974100 -120.552100 387
35.882900 -120.562900 320
35.903300 -120.551300 386
35.767050 -120.248833 397
35.933600 -120.497383 284
35.821417 -120.505883 358
35.824800 -120.501133 417
35.879133 -120.446067 372
35.684183 -120.341800 252
35.732750 -120.289350 173
35.882367 -120.350983 467
35.715067 -120.304100 410
35.636900 -120.399833 359
35.723900 -120.297017 231
35.619900 -120.257033 239
35.715267 -120.205600 576
35.910800 -120.487267 227
35.956383 -120.495883 398
35.938950 -120.430933 379
35.926817 -120.509950 439
35.742950 -120.275300 233
35.827717 -120.500100 342
35.814483 -120.511767 447
35.858550 -120.421417 267
35.836033 -120.395750 221
35.801850 -120.344967 212
35.833067 -120.271300 565
35.810517 -120.283067 566
35.787800 -120.294800 261
35.795767 -120.411967 511
35.811333 -120.392150 290
35.877917 -120.359900 907
35.758050 -120.307483 178
35.869450 -120.334633 451
35.842783 -120.348533 361
35.832367 -120.347700 558
35.817967 -120.379150 214
35.707233 -120.316317 283
35.922033 -120.534750 309
35.696283 -120.328783 237
37.746000 -88.337000 706
37.788000 -89.125000 279
37.788000 -89.130000 486
38.128000 -87.358000 675
38.120000 -87.356000 749
38.226000 -87.391000 753
38.226000 -87.391000 753
38.090000 -87.281000 832
37.751000 -88.360000 753
38.253000 -87.350000 933
38.363000 -87.365000 250
38.335000 -87.455000 580
38.284000 -87.363000 730
38.336000 -87.445000 389
37.755000 -88.360000 754
38.304000 -87.350000 435
38.337000 -87.341000 314
38.353000 -87.293000 780
38.352000 -87.282000 705
38.352000 -87.275000 883
38.353000 -87.278000 690
38.352000 -87.275000 883
38.167000 -86.945000 1044
37.926000 -87.708000 774
38.765000 -87.435000 679
37.755000 -88.360000 754
38.804000 -87.491000 681
38.801000 -87.473000 580
38.605000 -87.011000 595
37.758000 -88.377000 850
37.758000 -88.377000 850
37.759000 -88.379000 675
20.038700 -155.830100 434
20.038700 -155.830100 432
20.038700 -155.830100 432
20.229900 -155.798200 285
20.023000 -155.661400 444
19.722000 -155.115000 431
19.722200 -155.097400 134
19.703400 -155.080500 486
19.719000 -155.061000 360
19.826000 -155.473000 333
20.038700 -155.830100 434
19.752000 -155.530000 341
19.536300 -155.577000 324
19.493400 -154.946600 463
19.550400 -155.108300 346
19.550400 -155.108300 346
19.550400 -155.108300 346
19.420000 -155.288000 257
19.199900 -155.472300 397
19.070000 -155.615000 403
19.169000 -155.868000 304
19.417400 -155.880500 459
19.521500 -155.918100 436
19.647700 -155.992300 490
19.919000 -155.887000 486
20.077500 -155.462500 370
19.983500 -155.232600 304
19.946400 -155.834300 552
19.715400 -155.046000 358
37.430200 -122.154900 294
37.426300 -122.170500 351
20.038700 -155.830100 388
37.432900 -122.173100 335
37.432800 -122.180900 371
37.426700 -122.182400 374
37.423000 -122.184100 327
37.426400 -122.177500 326
37.432300 -122.165600 315
37.430200 -122.169200 319
37.426400 -122.160300 328
37.438900 -122.167400 324
37.419600 -122.171700 294
37.416500 -122.177400 396
37.423700 -122.162000 309
37.427100 -122.152700 274
47.119800 -122.561200 523
47.137000 -122.930100 312
47.041600 -122.892400 187
47.263800 -122.484900 486
46.989600 -122.442200 444
47.111400 -122.291200 386
47.502900 -122.768500 539
46.889000 -122.301500 499
47.450900 -122.302200 347
47.569600 -122.630700 463
47.564200 -122.826500 673
47.435000 -122.187300 492
47.565200 -122.384800 348
47.468400 -122.185800 390
47.584300 -122.388700 328
47.548400 -122.277100 690
47.574600 -122.304000 514
47.550000 -122.254900 386
47.556300 -122.249200 347
47.540000 -122.184900 557
47.631600 -122.355500 361
47.656300 -122.390700 316
47.337000 -121.932700 394
47.654200 -122.309400 429
47.608700 -122.175600 483
47.686500 -122.257100 278
47.755100 -122.289500 230
47.494100 -121.872700 440
47.646700 -122.038900 392
47.767700 -122.116800 421
47.740700 -122.045000 507
47.898400 -121.890200 334
36.035398 -115.000130 318
36.035398 -115.000130 335
36.149770 -115.412330 972
36.220000 -115.110000 390
36.106944 -115.141110 2073
36.106944 -115.141110 1817
36.106944 -115.141110 598
36.106944 -115.141110 989
36.106944 -115.141110 295
36.106944 -115.141110 786
36.204248 -115.134290 288
36.202172 -115.135778 299
36.200195 -115.137315 327
36.198218 -115.138852 336
36.121455 -115.189998 484
36.119205 -115.189915 454
36.116955 -115.189832 436
36.167145 -115.155303 477
36.164995 -115.156230 481
36.162845 -115.157157 502
36.106944 -115.141110 432
36.172545 -115.149940 436
36.170815 -115.151900 424
36.169085 -115.153860 481
39.424500 -119.764650 400
39.491070 -119.720305 295
39.531550 -119.776235 434
39.569440 -119.796090 461
39.569440 -119.796090 401
39.430360 -119.774650 350
39.509460 -119.837470 581
36.106944 -115.141110 504
39.542615 -119.855675 521
39.573920 -119.829210 538
39.519510 -119.901290 436
39.555640 -119.732600 296
39.482720 -119.834890 337
39.537115 -119.728230 309
39.543800 -119.759630 355
39.638195 -119.707540 353
39.515915 -119.703875 587
39.527200 -119.818910 376
36.106944 -115.141110 424
39.513360 -119.749385 351
39.499005 -119.821355 352
39.492275 -119.760375 294
39.516630 -119.705150 616
39.514780 -119.707420 673
39.513210 -119.710020 330
39.512990 -119.713880 267
39.512700 -119.717480 334
39.512680 -119.721090 323
39.512020 -119.724570 331
36.106944 -115.141110 420
39.511640 -119.728160 367
39.511770 -119.731110 362
39.511370 -119.733780 349
39.511670 -119.736530 433
39.512770 -119.739600 403
39.512310 -119.742760 337
39.512310 -119.745470 309
39.513560 -119.748740 311
39.514250 -119.751960 334
39.514800 -119.755340 330
36.174271 -115.154961 1478
39.515230 -119.758530 402
39.516690 -119.760380 400
39.519020 -119.760720 364
39.520560 -119.763320 403
39.521470 -119.766350 401
39.522040 -119.769860 434
39.522940 -119.772560 407
39.524830 -119.775170 439
39.527450 -119.776170 400
39.529480 -119.777420 413
36.174271 -115.154961 1353
39.531040 -119.780780 336
39.531540 -119.783310 325
39.531190 -119.787460 291
39.530550 -119.790670 401
39.529840 -119.793930 461
39.529570 -119.797190 402
39.529420 -119.801040 371
39.529060 -119.804440 423
39.527120 -119.806580 475
39.525480 -119.809230 500
36.174271 -115.154961 1160
39.524510 -119.812080 518
39.524380 -119.814540 518
39.524330 -119.817410 516
39.522590 -119.819930 518
39.520930 -119.822350 519
39.519920 -119.825010 374
39.519980 -119.828220 438
39.519820 -119.831500 572
39.519740 -119.834930 436
39.519180 -119.837870 575
36.174271 -115.154961 316
39.517640 -119.840350 515
39.516350 -119.843460 453
39.514990 -119.846070 610
39.512310 -119.847460 490
39.511010 -119.850340 358
39.511300 -119.853470 375
39.511740 -119.856450 358
36.452400 -116.283500 453
36.454100 -116.282900 447
37.179100 -116.057500 432
36.174271 -115.154961 396
36.966300 -116.181300 455
37.093500 -116.093000 576
36.852700 -115.949900 407
36.999600 -116.566100 785
36.839500 -116.477800 642
36.838800 -116.338400 507
36.151800 -115.977100 305
36.849000 -116.431500 666
36.850300 -116.430300 708
36.902500 -116.370800 881
36.174271 -115.154961 382
36.817700 -116.419800 594
36.817000 -116.421400 468
36.175500 -115.987200 338
36.130487 -115.950153 280
36.187100 -116.007800 373
33.714100 -116.711900 700
33.714100 -116.711900 726
36.646100 -116.398700 597
36.644900 -116.397100 628
36.851800 -116.420700 570
36.170278 -115.187780 435
36.852900 -116.421800 633
36.890000 -116.568800 795
36.890000 -116.568800 504
39.710700 -119.385500 941
39.710700 -119.385500 801
36.209500 -115.980000 421
36.176100 -116.092200 633
33.611700 -116.459400 932
33.611700 -116.459400 676
36.681300 -116.494500 604
36.170278 -115.187780 432
36.680000 -116.496500 598
36.214300 -115.900200 1639
33.630000 -116.847800 662
33.630000 -116.847800 610
36.851000 -116.458100 470
36.851900 -116.458100 571
36.756900 -116.544600 752
36.645500 -116.338600 754
36.860200 -116.471500 546
36.740100 -116.446100 451
36.170278 -115.187780 342
36.742100 -116.447300 700
36.837900 -116.474800 578
36.867900 -116.633100 1064
36.839000 -116.466900 518
36.840600 -116.468100 655
36.839000 -116.445000 719
36.839000 -116.445700 753
39.310200 -119.758700 401
36.791600 -116.625500 670
36.793600 -116.625200 674
36.170278 -115.187780 351
36.792600 -116.626500 690
36.792600 -116.626500 750
39.944100 -119.825400 730
39.944100 -119.825400 627
36.923400 -116.476000 687
36.921800 -116.474900 566
34.146430 -118.766275 410
33.999025 -117.679810 315
34.059520 -117.808700 279
33.876030 -117.560305 340
36.170278 -115.187780 386
34.253410 -118.332795 452
34.103990 -118.454270 337
33.712115 -118.292425 351
34.123490 -118.296260 417
34.305370 -118.481260 486
34.616400 -117.824910 331
33.787950 -117.842940 373
33.945265 -117.922520 313
34.121385 -117.637785 503
34.395765 -118.497830 443
36.170278 -115.187780 425
34.105645 -117.980700 474
33.743835 -118.403465 570
34.051525 -118.079830 301
33.993415 -117.374285 640
33.827810 -117.789515 307
34.303275 -119.184995 326
33.664100 -117.769992 279
34.093060 -117.316360 306
33.869959 -118.333781 281
33.798396 -118.088072 279
36.170278 -115.187780 375
33.686866 -117.942895 220
33.879131 -118.175901 259
34.005258 -117.558689 337
33.978127 -117.327090 399
33.791017 -118.193110 246
34.110251 -117.098956 510
34.136590 -118.127810 338
33.999925 -118.377360 332
33.974950 -118.149100 353
34.148295 -118.171140 638
36.170278 -115.187780 229
33.962865 -118.436610 322
33.552980 -117.661700 412
34.014810 -118.456285 378
34.018595 -118.285730 350
34.009150 -117.950875 265
33.949020 -118.255640 266
34.174290 -118.359570 304
34.109200 -119.065480 565
34.281490 -118.900930 247
34.612750 -118.724900 424
36.176618 -115.243443 1687
34.442500 -118.581260 259
34.282230 -118.478910 333
34.437090 -119.137860 446
34.059930 -118.645970 484
34.156690 -118.821300 884
34.170680 -118.648960 324
34.158950 -117.904800 619
34.159180 -117.908015 619
34.159410 -117.911230 417
34.157950 -117.913880 520
36.176618 -115.243443 1044
34.156490 -117.916530 590
34.154510 -117.918650 589
34.152530 -117.920770 696
34.150440 -117.922855 696
34.148350 -117.924940 539
34.146535 -117.927335 578
34.144720 -117.929730 574
34.143040 -117.932275 540
34.141360 -117.934820 669
34.139640 -117.937225 665
36.137088 -115.033893 1132
34.137920 -117.939630 653
34.136125 -117.941955 665
34.134330 -117.944280 642
34.132590 -117.946400 630
34.130850 -117.948520 650
34.128380 -117.949170 642
34.125910 -117.949820 650
34.123550 -117.948215 642
34.121190 -117.946610 650
34.119645 -117.944620 721
36.137088 -115.033893 357
34.118100 -117.942630 669
34.117780 -117.939985 607
34.117460 -117.937340 669
34.115220 -117.938940 607
34.112980 -117.940540 729
34.111020 -117.942695 600
34.109060 -117.944850 588
34.109065 -117.948085 652
34.109070 -117.951320 577
34.110825 -117.953675 586
36.181583 -115.017766 801
34.112580 -117.956030 525
34.112500 -117.959175 547
34.112420 -117.962320 436
34.112405 -117.966240 476
34.112390 -117.970160 525
34.110465 -117.972505 503
34.108540 -117.974850 580
34.106545 -117.977085 514
34.104550 -117.979320 538
34.102770 -117.981695 514
36.181583 -115.017766 803
34.100990 -117.984070 429
34.099105 -117.986425 434
34.097220 -117.988780 460
34.095320 -117.991145 469
34.093420 -117.993510 461
34.091260 -117.995470 561
34.089100 -117.997430 402
34.086685 -117.998665 382
34.084270 -117.999900 430
34.081575 -118.000450 411
36.181583 -115.017766 681
34.078880 -118.001000 390
34.076220 -118.001555 381
34.073560 -118.002110 401
34.070945 -118.003040 401
34.068330 -118.003970 347
34.065770 -118.004865 352
34.063210 -118.005760 341
34.060545 -118.006645 378
34.057880 -118.007530 368
34.055335 -118.008435 383
36.181583 -115.017766 695
34.052790 -118.009340 333
34.050345 -118.010725 397
34.047900 -118.012110 355
34.045950 -118.014375 349
34.044000 -118.016640 337
34.042700 -118.019440 398
34.041400 -118.022240 396
34.040175 -118.025100 371
34.038950 -118.027960 338
34.037625 -118.030915 373
36.129313 -115.165464 507
34.036300 -118.033870 339
34.035105 -118.036715 367
34.033910 -118.039560 360
34.032650 -118.042500 341
34.031390 -118.045440 401
34.029900 -118.048115 347
34.028410 -118.050790 363
34.026065 -118.052410 371
34.023720 -118.054030 424
34.022240 -118.055290 368
36.129313 -115.165464 559
34.020760 -118.056550 430
34.018720 -118.058745 370
34.013390 -118.062250 361
34.011265 -118.064240 373
34.004320 -118.069050 414
34.001620 -118.069695 389
33.998920 -118.070340 388
33.996405 -118.071305 369
33.993890 -118.072270 375
33.991340 -118.073370 379
36.129313 -115.165464 501
33.988790 -118.074470 372
33.986215 -118.075575 393
33.983640 -118.076680 437
33.981305 -118.078355 362
33.978970 -118.080030 357
33.976695 -118.081795 355
33.974420 -118.083560 329
33.972250 -118.085455 417
33.970080 -118.087350 318
33.967550 -118.087855 318
36.129313 -115.165464 521
33.965020 -118.088360 337
33.962425 -118.087650 357
33.959830 -118.086940 350
33.957370 -118.088235 342
33.954910 -118.089530 317
33.952760 -118.091475 321
33.950610 -118.093420 317
33.948350 -118.095395 305
33.946090 -118.097370 306
33.943565 -118.098240 289
37.767460 -119.123802 477
33.941040 -118.099110 308
33.938705 -118.100675 313
33.936370 -118.102240 372
33.934150 -118.104110 356
33.931930 -118.105980 359
33.929495 -118.107380 414
33.922010 -118.111040 326
33.919320 -118.111000 325
33.911270 -118.109930 299
33.908640 -118.109175 315
37.617706 -118.821659 472
33.906010 -118.108420 317
33.903305 -118.108430 287
33.900600 -118.108440 293
33.897885 -118.108395 298
33.895170 -118.108350 284
33.892470 -118.108275 290
33.889770 -118.108200 286
33.887040 -118.108210 275
33.884310 -118.108220 276
33.881620 -118.108050 296
37.948601 -119.105802 559
33.873640 -118.106460 261
33.870895 -118.105800 277
33.868150 -118.105140 261
33.865610 -118.104435 286
33.863070 -118.103730 294
33.860455 -118.103000 286
33.857840 -118.102270 292
33.855275 -118.101595 306
33.852710 -118.100920 292
33.850100 -118.100135 274
37.944542 -119.119496 698
33.847490 -118.099350 297
33.845060 -118.098025 274
33.842630 -118.096700 278
33.840125 -118.095475 280
33.837620 -118.094250 270
33.834985 -118.093600 262
33.832350 -118.092950 258
33.829570 -118.092565 285
33.826790 -118.092180 276
33.824110 -118.091795 286
37.914120 -119.080600 481
33.821430 -118.091410 292
33.818775 -118.091085 292
33.816120 -118.090760 291
33.813455 -118.090625 314
33.810790 -118.090490 284
33.808165 -118.090360 284
33.805540 -118.090230 309
33.802850 -118.090075 277
33.800160 -118.089920 301
33.797545 -118.089505 277
37.914330 -119.081790 359
33.794930 -118.089090 284
33.792435 -118.090345 266
33.789940 -118.091600 251
33.787430 -118.092805 266
33.784920 -118.094010 258
33.782400 -118.095245 258
33.779880 -118.096480 250
33.777225 -118.096855 250
33.774570 -118.097230 245
33.771885 -118.097190 253
37.914250 -119.082980 373
33.769200 -118.097150 241
33.766500 -118.097165 271
33.763800 -118.097180 269
33.761115 -118.097670 268
33.758430 -118.098160 266
33.756405 -118.100270 256
33.754380 -118.102380 264
33.752565 -118.104820 248
33.750750 -118.107260 229
33.749065 -118.109765 234
37.913860 -119.084110 612
33.747380 -118.112270 251
33.744920 -118.113520 306
33.742460 -118.114770 307
33.740000 -118.116020 307
39.527400 -119.799650 422
39.520600 -119.807700 461
39.527500 -119.801950 498
39.504400 -119.808200 461
39.523900 -119.805370 537
39.504500 -119.805900 336
37.913372 -119.084930 794
39.525900 -119.804220 547
39.525800 -119.801950 526
39.525600 -119.799450 430
39.523900 -119.805370 489
39.523600 -119.801950 525
39.524700 -119.806350 511
39.524630 -119.802900 496
39.526500 -119.802900 498
39.528430 -119.802800 428
39.524570 -119.798100 462
37.913880 -119.080918 489
39.526320 -119.798480 441
39.528430 -119.798480 482
39.527320 -119.800500 526
39.525680 -119.800500 498
39.524650 -119.800500 570
38.894103 -119.608305 410
39.424500 -119.764650 400
39.167465 -119.749218 302
39.164034 -119.779321 288
39.164034 -119.779321 288
37.945409 -119.113541 473
39.164034 -119.779321 296
39.159339 -119.763111 287
39.190404 -119.742181 277
39.126546 -119.766946 252
39.538267 -119.814318 398
39.158093 -119.721544 310
39.538710 -119.814502 590
39.159032 -119.719338 303
39.539145 -119.812023 364
39.491133 -117.208160 265
37.945051 -119.115471 460
39.491070 -119.720305 295
39.426937 -119.774832 365
39.519900 -119.806200 450
39.166905 -120.142080 295
39.164776 -120.146224 299
39.056550 -120.119496 371
39.954428 -119.766400 389
38.906666 -119.730471 357
39.531664 -119.776519 370
39.531550 -119.776235 434
37.677601 -118.651794 456
39.568193 -119.796267 402
39.568100 -119.795800 407
39.431181 -119.774952 344
39.430360 -119.774650 350
39.575714 -119.823247 502
39.539100 -119.813800 364
39.508924 -119.835883 464
39.509460 -119.837470 581
39.543528 -119.855675 489
39.542615 -119.855675 521
37.678141 -118.652539 468
39.573920 -119.829210 538
39.519510 -119.901290 436
39.519510 -119.901290 436
39.573920 -119.829210 597
39.555640 -119.732600 296
39.482720 -119.833750 337
39.482092 -119.835512 276
39.537051 -119.728365 286
39.537115 -119.728230 309
39.543705 -119.759228 312
37.678076 -118.652935 718
39.543800 -119.759630 355
39.638195 -119.707540 353
39.515743 -119.703698 557
39.515915 -119.703875 587
39.526968 -119.819030 434
39.527200 -119.818910 376
39.513068 -119.748319 335
39.513360 -119.749385 351
39.475865 -119.671716 623
39.475939 -119.677008 555
36.047711 -115.016150 311
39.574600 -119.829400 664
39.574600 -119.829400 833
39.574600 -119.829400 533
39.574600 -119.829400 526
39.499329 -119.821317 365
39.499005 -119.821355 352
39.515900 -119.702271 623
39.492275 -119.760375 294
33.364310 -115.729000 197
33.810170 -117.981849 238
36.149770 -115.412330 889
33.013025 -115.220529 273
34.105594 -117.283118 321
34.271310 -117.424060 472
33.708810 -115.802335 828
33.741370 -115.819355 869
33.654830 -115.989780 293
33.935446 -116.580155 503
33.649820 -117.010038 555
33.847151 -118.097333 234
32.805170 -115.446750 189
36.224260 -115.104860 388
32.659050 -116.100240 705
33.115920 -115.822510 241
34.093175 -116.935811 434
34.099423 -117.438918 511
33.871495 -117.923212 309
33.051410 -114.827340 836
34.121371 -117.219406 348
32.661050 -116.093581 547
34.197100 -117.285200 297
33.642900 -115.802000 518
36.108570 -115.141410 420
33.654100 -115.802000 484
33.669000 -115.802000 434
33.682600 -115.802000 389
33.692500 -115.802000 364
34.150453 -118.101712 384
34.314604 -117.546042 512
33.816549 -116.367703 277
33.739979 -118.336101 367
34.038870 -116.648150 341
33.600610 -117.195373 637
36.129313 -115.165464 507
34.223226 -118.062558 561
34.229389 -118.558011 319
33.555520 -115.945940 313
33.630795 -115.809585 797
33.861898 -117.205621 563
34.092710 -117.805590 772
33.485970 -115.866490 372
34.035220 -116.807830 404
32.945090 -115.800190 438
34.382260 -117.678070 429
36.181583 -115.017766 695
33.650780 -116.076880 367
33.635978 -116.164013 301
32.759050 -115.731490 241
33.940970 -116.408540 531
36.452400 -116.283500 453
36.454100 -116.282900 447
37.179100 -116.057500 432
36.966300 -116.181300 455
37.093500 -116.093000 576
36.852700 -115.949900 407
36.129313 -115.165464 575
36.999600 -116.566100 785
36.839500 -116.477800 642
36.838800 -116.338400 507
36.151800 -115.977100 305
36.849000 -116.431500 666
36.850300 -116.430300 708
36.902500 -116.370800 881
36.817700 -116.419800 594
36.817000 -116.421400 468
36.175500 -115.987200 338
36.172306 -115.191160 410
36.130487 -115.950153 280
36.187100 -116.007800 373
33.714100 -116.711900 700
33.714100 -116.711900 726
36.646100 -116.398700 597
36.644900 -116.397100 628
36.851800 -116.420700 570
36.852900 -116.421800 633
36.890000 -116.568800 795
36.890000 -116.568800 504
36.113433 -115.185480 431
39.710700 -119.385500 941
39.710700 -119.385500 801
36.209500 -115.980000 421
36.176100 -116.092200 633
33.611700 -116.459400 932
33.611700 -116.459400 676
36.681300 -116.494500 604
36.680000 -116.496500 598
36.214300 -115.900200 1639
33.630000 -116.847800 662
36.111252 -115.185480 420
33.630000 -116.847800 610
36.851000 -116.458100 470
36.851900 -116.458100 571
36.756900 -116.544600 752
36.645500 -116.338600 754
36.860200 -116.471500 546
36.740100 -116.446100 451
36.742100 -116.447300 700
36.837900 -116.474800 578
36.867900 -116.633100 1064
36.109071 -115.185480 460
36.839000 -116.466900 518
36.840600 -116.468100 655
36.839000 -116.445000 719
36.839000 -116.445700 753
39.310200 -119.758700 401
36.791600 -116.625500 670
36.793600 -116.625200 674
36.792600 -116.626500 690
36.792600 -116.626500 750
39.944100 -119.825400 730
36.188906 -115.142086 306
39.944100 -119.825400 627
36.923400 -116.476000 687
36.921800 -116.474900 566
36.186669 -115.142366 309
36.186669 -115.142366 279
36.179003 -115.148540 389
36.176934 -115.148540 391
36.174864 -115.148540 409
36.105420 -115.185665 467
36.103680 -115.185595 441
36.101940 -115.185525 423
36.150092 -115.164790 498
36.148115 -115.166290 510
36.146138 -115.167790 577
36.157388 -115.160188 458
36.155365 -115.161125 455
36.153342 -115.162062 522
36.135237 -115.179002 661
36.133010 -115.179865 571
36.130783 -115.180728 529
36.141242 -115.174253 494
36.139285 -115.175980 524
36.137328 -115.177707 537
36.143220 -115.173365 400
36.128433 -115.185428 458
36.125940 -115.185505 580
36.123447 -115.185582 439
36.214667 -115.126842 514
36.212636 -115.128314 567
36.210605 -115.129786 503
36.195902 -115.140208 286
36.193719 -115.141239 229
36.191536 -115.142270 302
36.208402 -115.131290 454
36.206325 -115.132790 363
35.052000 -81.210000 661
37.752700 -88.437300 765
37.965080 -87.666020 705
38.429800 -87.781700 670
38.733840 -88.099120 472
37.971600 -87.529700 325
37.752700 -88.437300 762
37.965080 -87.666020 714
38.429800 -87.781700 676
38.733840 -88.099120 480
37.971600 -87.529700 264
34.028000 -90.912000 465
18.448050 -65.998840 290
18.451443 -66.049488 350
18.387222 -65.993596 515
18.356153 -65.993596 1410
18.410018 -66.047907 415
18.437900 -66.125328 173
18.438500 -66.177390 305
18.458211 -66.539716 170
18.448611 -66.674440 354
33.699000 -79.351000 246
18.466404 -66.741510 378
18.358272 -67.268214 1045
18.213056 -67.159440 213
18.207445 -67.140768 230
18.195000 -67.072780 200
18.034637 -67.072440 435
18.082976 -67.048890 650
17.999440 -66.619440 163
18.074850 -66.579170 925
33.551000 -79.933000 477
18.175480 -66.420293 225
18.254390 -66.040315 285
18.232423 -66.027119 395
18.111793 -66.148981 285
17.977570 -66.079915 460
18.146002 -65.833549 327
18.315000 -65.663611 442
33.235000 -80.433000 583
32.798000 -79.958000 248
32.785000 -79.955000 182
32.795000 -79.775000 179
33.106000 -80.178000 464
33.087800 -115.522200 171
40.621900 -111.786900 303
40.686400 -112.085300 414
40.757200 -112.027200 202
40.631900 -111.999400 340
33.087800 -115.522200 171
40.848300 -111.926700 179
40.978600 -111.898900 187
40.477200 -111.918300 204
40.642100 -111.972100 301
40.654700 -112.109400 422
40.638600 -111.807500 373
40.551100 -112.051400 303
35.290160 -92.288490 1190
40.635740 -77.887580 939
38.021800 -78.532160 581
35.254690 -91.714690 984
37.715000 -89.217820 491
34.775020 -92.343140 1288
37.854700 -77.916800 367
41.305320 -76.015210 551
39.198660 -86.549720 1077
40.022120 -86.907120 466
39.619600 -86.376700 503
35.216310 -85.931910 715
38.367000 -87.581000 428
40.860870 -86.494580 325
37.432050 -79.271860 519
37.570930 -77.535720 528
37.245950 -79.977570 357
37.211480 -80.420440 700
38.203690 -77.374870 251
38.203690 -77.374870 249
33.414760 -83.473240 296
44.240280 -71.926120 850
35.216250 -85.931840 840
44.619690 -74.582890 1100
33.039970 -86.997760 568
34.545730 -93.576830 1090
35.074510 -84.126400 495
43.973440 -74.223090 1002
34.737830 -98.780700 1642
35.561170 -97.289980 595
35.549300 -97.196600 694
35.654920 -97.191420 596
35.507100 -97.383800 583
35.581310 -97.422900 306
35.624820 -97.224100 576
45.513000 -122.685000 326
47.584000 -122.389000 333
48.512000 -122.613000 204
46.972000 -123.826000 154
46.985000 -122.910000 312
47.468000 -123.847000 359
47.856000 -122.583000 285
48.115000 -123.437000 339
45.611000 -122.496000 455
48.720000 -122.498000 317
47.136000 -122.482000 404
47.320000 -122.586000 416
46.685000 -123.734000 171
47.120000 -122.565000 513
47.570000 -122.631000 466
47.039000 -122.899000 193
43.998100 -123.015800 471
47.925200 -122.277900 626
44.197300 -122.986200 1522
45.170200 -122.438000 500
45.329700 -123.057600 334
47.720600 -122.230300 462
47.214000 -123.101000 312
47.947500 -124.566200 422
45.838800 -120.814800 596
45.509300 -122.656600 730
45.630700 -122.652500 335
45.550200 -122.895100 233
47.751700 -122.643100 358
47.675200 -122.629700 334
44.051800 -123.231900 504
44.853700 -123.241400 231
44.800400 -122.698300 452
48.243000 -122.455000 367
45.328300 -122.777800 352
45.461500 -122.454500 320
47.808600 -122.529300 454
46.421800 -123.799000 529
45.661900 -122.656900 332
47.749600 -122.361000 402
48.008600 -122.411700 506
47.257800 -122.368300 228
47.548000 -122.277000 304
47.914000 -124.634000 271
48.134000 -122.765000 386
47.451000 -122.302000 244
47.997000 -122.199000 538
33.811270 -117.979350 215
33.945190 -117.921390 328
34.118010 -117.639620 424
33.827220 -117.788880 261
33.663070 -117.767520 274
37.172250 -122.012484 345
34.184110 -118.021512 774
33.912419 -117.840704 235
34.307809 -117.316091 417
33.853722 -117.450991 533
34.870680 -118.900444 314
33.999650 -117.677340 276
35.284579 -120.661717 481
37.165449 -121.632769 383
37.514441 -121.831180 346
37.239149 -122.107487 522
37.600339 -122.007985 461
37.552641 -122.092388 588
37.468644 -122.309293 240
34.192413 -117.427694 376
34.004321 -117.224585 488
33.606331 -116.452959 577
34.093380 -117.311720 256
33.479236 -116.593363 605
33.348540 -116.401658 329
33.568133 -116.512661 744
33.459436 -116.645064 471
33.707727 -116.718264 902
34.110616 -117.099981 470
34.165614 -117.251687 486
33.851122 -116.854566 619
33.869122 -116.825965 630
33.818324 -117.133778 369
34.060650 -117.807950 217
33.598630 -117.132976 443
33.640129 -117.097675 619
33.893622 -117.322387 494
33.668326 -117.333485 616
33.785624 -117.230582 518
33.648228 -117.205680 503
33.745422 -118.399019 501
34.158915 -116.799469 453
34.244808 -117.966110 464
34.232311 -117.663501 438
33.875250 -117.559390 367
34.368905 -117.661602 390
34.381105 -117.737304 466
34.169213 -117.579898 432
34.162114 -117.333690 336
34.223612 -117.331691 773
34.757387 -118.361725 483
34.226909 -118.067614 390
34.652391 -118.481529 294
34.166810 -118.598132 265
34.263208 -118.671235 391
33.713370 -118.294360 276
34.223810 -118.995746 321
35.041774 -118.379128 320
35.973067 -120.468301 390
36.861559 -121.579367 372
37.124149 -121.553866 469
37.779835 -122.512797 393
34.089313 -118.435626 255
34.045313 -118.640030 477
34.204010 -118.302723 714
34.287006 -118.227721 415
34.099970 -117.438160 405
33.990117 -117.944609 337
34.704289 -118.428627 486
34.704289 -118.428627 486
34.459299 -118.752437 389
34.459299 -118.752437 380
34.136640 -118.127630 325
34.008410 -117.564630 296
35.145000 -90.221500 185
35.132600 -89.865700 230
35.544500 -89.634900 240
36.101100 -89.489100 250
35.006800 -89.976700 265
35.123800 -89.932200 315
38.416830 -90.354110 200
38.920410 -90.461350 200
38.681320 -90.102820 210
38.723260 -90.502640 225
38.666300 -90.627710 235
38.647950 -90.008780 245
38.775680 -90.464010 250
38.532830 -90.448270 290
38.639290 -90.188470 410
38.635750 -90.228630 430
38.720540 -90.226950 460
38.646770 -90.207120 560
38.814380 -90.852490 595
38.641380 -90.181430 620
38.646490 -90.501840 720
38.779270 -90.481520 740
38.759530 -90.642360 785
32.887300 -80.010400 371
32.796800 -79.858800 267
32.879000 -79.824200 244
32.841900 -79.812300 231
32.836900 -80.089300 346
32.897400 -79.779200 231
32.806600 -79.889300 249
32.710200 -79.964800 318
32.749700 -80.035300 277
32.926000 -80.065900 299
32.960800 -80.059900 370
32.852400 -79.885300 279
32.616100 -80.140800 279
32.906100 -79.917400 241
32.972100 -80.048500 332
32.752100 -80.028500 280
32.793600 -79.955800 298
32.943800 -80.056600 319
32.802600 -79.897900 308
32.789000 -79.926000 185
32.810000 -80.045100 327
37.784690 -122.252990 212
37.785120 -122.288190 202
37.825001 -122.276001 286
32.944279 -79.838501 226
32.961960 -79.852997 263
32.954281 -79.817123 299
32.968220 -79.821022 351
32.965260 -79.834259 253
32.995029 -79.771118 208
32.999920 -79.762512 216
32.992809 -79.758957 317
33.002010 -79.748550 224
33.012230 -79.740662 280
37.845901 -122.250000 319
32.908730 -79.915070 236
33.021561 -79.732986 349
33.035671 -79.736183 319
33.032669 -79.721207 313
32.911480 -79.985474 317
32.911819 -80.007057 308
32.819279 -79.810013 244
32.823071 -79.813393 262
32.828720 -79.816658 280
37.759800 -122.194000 300
32.815182 -79.815430 227
32.831120 -79.805107 195
32.831032 -79.798882 242
32.840919 -79.783157 236
32.848240 -79.787048 226
32.907269 -79.699806 270
32.912140 -79.708946 269
32.916321 -79.718697 274
32.880840 -79.736389 222
32.860340 -79.765472 229
37.743500 -122.174004 259
32.837330 -79.815018 234
32.820702 -79.824997 249
32.804871 -79.831093 221
32.792171 -79.847153 211
32.868240 -79.783989 263
32.884789 -79.755363 273
32.874081 -79.751953 361
32.904282 -80.026749 314
32.916641 -80.032257 314
32.917049 -80.039139 288
37.815701 -122.295998 170
32.899448 -80.013031 323
32.846970 -79.823402 262
33.099129 -79.467628 294
32.595390 -80.127563 234
32.601639 -80.117462 223
32.603882 -80.104958 268
32.610130 -80.142273 233
32.730610 -80.065826 201
32.668510 -80.178383 222
32.702301 -80.123482 244
32.591621 -80.162453 259
32.757511 -79.965523 283
32.695042 -79.965240 248
32.898220 -80.060371 319
32.911781 -80.068024 333
32.735870 -79.966316 263
32.769501 -79.991966 297
32.708481 -79.938728 297
32.731010 -79.913300 321
32.716431 -79.967880 297
32.729752 -79.947746 377
46.470772 -97.040527 201
46.470619 -97.124023 234
46.470829 -97.155418 217
46.427280 -97.218307 227
46.470619 -97.138390 239
46.456280 -97.176277 214
46.398170 -97.260391 217
46.412769 -97.239021 227
37.751202 -122.183998 261
46.441711 -97.197350 224
46.470520 -97.107788 211
46.470539 -97.093529 213
46.470982 -97.071892 234
46.470661 -97.051300 221
46.470661 -97.020279 219
46.470749 -97.169273 226
46.470730 -97.183617 250
46.398178 -97.274857 221
46.398281 -97.247620 229
37.789799 -122.239998 366
46.398331 -97.220718 224
46.398411 -97.208061 231
46.398430 -97.180817 221
46.398281 -97.135307 229
46.398281 -97.124023 207
46.398270 -97.110847 222
46.398239 -97.096512 194
46.395569 -97.071709 214
46.383579 -97.060242 218
46.383801 -97.218498 219
46.412701 -97.218330 227
46.470798 -96.973892 148
46.470860 -96.893707 164
46.470829 -96.918327 135
46.470669 -96.929817 146
46.470680 -96.941940 134
46.470680 -96.953491 170
37.788070 -122.288380 208
37.807400 -122.257004 357
46.470669 -96.988876 171
46.470829 -97.005386 181
46.383560 -97.044121 177
46.383572 -97.029381 157
46.383511 -97.009567 144
46.383701 -96.995537 155
46.383591 -96.983673 139
46.383831 -96.956612 123
46.383690 -96.935890 120
46.383690 -96.915237 115
46.383709 -96.896301 122
46.383911 -96.872063 112
46.383881 -96.835037 162
35.219219 -90.184258 224
35.218109 -90.139847 217
35.256149 -90.254463 216
35.276669 -90.223343 238
35.298901 -90.200577 227
35.310120 -90.271881 223
35.263039 -90.325546 222
35.210720 -90.254677 234
35.192822 -90.129127 226
35.143028 -90.140480 234
35.209679 -90.115761 207
35.240131 -90.112892 226
35.270069 -90.201172 217
35.287109 -90.200920 184
35.379379 -90.215279 205
35.307011 -90.307648 194
35.300362 -90.325233 230
35.379059 -90.193642 201
35.351349 -90.306343 213
35.365490 -90.306297 240
35.432011 -90.385689 244
35.418381 -90.385857 218
35.365108 -90.419807 238
35.298820 -90.522087 230
35.309700 -90.521797 210
35.326031 -90.522682 247
35.161121 -90.560883 216
35.179298 -90.559837 246
35.374500 -90.503059 236
35.354549 -90.503143 240
34.875820 -90.224823 197
36.151081 -89.531517 214
35.950241 -89.856087 199
35.973591 -89.813683 218
35.875759 -89.793083 210
35.895691 -89.838173 214
35.973560 -89.735252 227
35.995300 -89.742867 234
35.946510 -89.812271 210
35.476780 -90.143951 210
35.489639 -90.114883 235
35.531219 -90.089523 211
35.590630 -90.085167 231
35.551392 -90.107018 197
36.721272 -89.361877 217
36.820049 -89.229759 217
36.736568 -89.210823 192
37.797401 -122.261002 163
36.696018 -89.242607 210
36.739609 -89.284012 215
36.428429 -89.640892 226
36.425579 -89.669067 227
36.304852 -89.441269 226
36.282681 -89.450287 208
36.254951 -89.460457 179
36.237339 -89.486221 223
36.014469 -89.788147 203
36.000530 -89.784019 223
37.742699 -122.186997 248
36.027901 -89.770287 208
36.088299 -89.717644 211
36.132519 -89.704178 197
36.176529 -89.723373 216
35.019772 -90.437607 219
35.049019 -90.437599 211
34.787579 -90.290253 217
34.809780 -90.290314 207
34.772701 -90.304581 225
37.737202 -122.179001 261
34.795250 -90.326683 201
34.839890 -90.360802 205
34.835331 -90.358124 195
34.709709 -90.460876 231
34.712971 -90.421127 236
34.683262 -90.318153 217
34.634499 -90.340492 186
34.568821 -90.356812 221
34.524330 -90.436653 215
34.510601 -90.410606 219
37.728100 -122.175003 217
34.560848 -90.460823 238
34.684601 -90.351913 230
34.670479 -90.344429 232
34.787010 -90.392677 183
34.735619 -90.448799 147
34.699730 -90.252670 198
34.657490 -90.428070 193
34.593552 -90.467979 244
34.542870 -90.333237 253
34.524799 -90.392571 227
37.741680 -122.238530 183
37.737900 -122.191002 316
34.750881 -90.316177 240
35.602009 -89.977203 171
36.926090 -89.158234 201
35.263840 -90.298050 229
35.308949 -90.196083 213
35.379581 -90.231728 139
35.329689 -90.182266 200
35.419430 -90.244904 205
35.401932 -90.530190 202
35.982201 -89.914383 202
35.981758 -89.912102 203
35.625290 -90.070053 190
35.852531 -89.828857 180
35.812859 -89.838669 203
35.791168 -89.838661 199
35.799080 -89.856247 230
35.798771 -89.874001 214
35.798988 -89.904877 199
35.682919 -90.015839 168
35.481129 -90.200546 201
37.714600 -122.222000 190
35.466099 -90.175774 216
35.509159 -90.121292 226
35.516560 -90.089821 207
35.490582 -90.081413 176
35.590641 -90.116310 119
35.603779 -90.106621 181
36.759449 -89.355667 200
36.849098 -89.198669 190
36.834122 -89.278473 171
37.720200 -122.208000 188
36.424980 -89.572517 176
36.006439 -89.788231 219
36.008659 -89.770203 204
36.015850 -89.765892 185
36.096149 -89.694977 214
36.192169 -89.700020 202
36.301849 -89.689163 171
34.714161 -90.266243 199
34.643558 -90.340553 205
34.680950 -90.336533 227
37.715000 -122.203003 231
34.728489 -90.368210 226
34.772449 -90.357941 176
34.669949 -90.409264 197
33.417931 -91.403679 251
35.210979 -90.203987 210
35.206058 -90.327202 167
35.166550 -90.363480 217
35.154629 -90.292587 208
35.118839 -90.365021 205
35.211399 -90.280724 125
35.161381 -90.131828 203
35.170780 -90.127159 201
35.248219 -90.165977 154
34.867271 -90.225487 184
34.631359 -90.232681 214
34.634361 -90.236473 227
34.829769 -90.212196 198
34.801079 -90.228867 194
34.802761 -90.272911 216
34.774052 -90.246727 201
37.741199 -122.225998 194
34.743809 -90.245453 211
34.583630 -90.233353 224
34.669960 -90.236420 214
37.709099 -122.212997 178
33.330380 -91.480550 238
33.330460 -91.482890 236
33.330460 -91.485440 239
33.330510 -91.486330 246
33.797200 -91.333510 249
33.795780 -91.333630 263
33.793290 -91.333670 262
34.720470 -90.819560 251
34.723490 -90.819550 236
34.715680 -90.820430 232
37.710899 -122.232002 207
34.715690 -90.810840 239
33.096610 -115.534690 207
33.096600 -115.534350 200
33.096620 -115.532500 199
33.097150 -115.532170 188
33.096580 -115.530730 181
33.096560 -115.532820 191
33.096590 -115.533840 191
37.789320 -122.279140 176
37.729000 -122.189003 237
33.097470 -115.530560 181
33.097350 -115.530460 176
37.845501 -122.281998 364
33.097410 -115.530510 185
37.743000 -122.204002 211
37.786910 -122.278780 242
37.823002 -122.296997 192
33.796440 -118.223340 232
37.818199 -122.280998 250
33.879990 -118.173360 242
33.870480 -118.332130 294
34.051210 -118.080860 306
37.792500 -122.269997 210
37.788898 -122.254997 211
37.783200 -122.313680 200
37.785301 -122.245003 205
37.777599 -122.241997 188
37.764900 -122.218002 231
37.769100 -122.228996 246
37.777199 -122.237999 247
37.788300 -122.216003 288
37.744499 -122.157997 314
37.765701 -122.176002 386
37.782390 -122.313580 164
37.786920 -122.389270 435
37.456200 -122.172580 303
37.456220 -122.172560 303
37.824699 -122.261002 284
37.555770 -122.247740 126
37.423210 -122.201370 337
37.456210 -122.172600 317
37.454940 -122.169970 288
37.454930 -122.169400 341
37.454510 -122.168500 288
37.451930 -122.167740 226
37.672040 -122.453900 286
37.669390 -122.451100 221
37.684210 -122.468220 341
37.674720 -122.459280 250
37.295490 -89.509160 227
37.295940 -89.512040 221
38.620430 -90.162470 236
38.052270 -88.060970 261
38.644590 -87.603890 265
38.193670 -87.906640 254
38.130530 -87.936040 250
37.808300 -122.264000 217
34.870540 -89.991490 256
34.861150 -90.077840 284
34.863880 -90.078230 259
34.862550 -89.989600 263
37.811298 -122.262001 181
34.617860 -89.947460 259
34.702120 -89.970150 259
34.583260 -90.345200 234
38.855830 -90.212310 234
35.007160 -89.975690 314
37.809601 -122.248001 208
37.799900 -122.255997 273
37.833401 -122.276001 294
37.837200 -122.268997 288
37.783760 -122.313440 217
37.818802 -122.272003 250
37.788601 -122.220001 287
37.790600 -122.223999 306
37.789600 -122.222000 308
37.825901 -122.266998 277
37.825600 -122.265999 253
37.825199 -122.264000 294
37.832199 -122.267998 326
37.845100 -122.264999 304
37.781740 -122.325070 123
37.768002 -122.225998 258
37.778301 -122.234001 283
37.780800 -122.238998 280
37.773899 -122.226997 256
37.827801 -122.280998 246
37.841099 -122.277000 349
37.789410 -122.325680 186
37.832298 -122.264000 326
37.835899 -122.264000 297
37.844002 -122.227997 186
37.780220 -122.246280 152
37.809601 -122.278000 297
37.809399 -122.272003 291
37.744701 -122.166000 270
37.738899 -122.161003 278
37.751301 -122.175003 326
37.764599 -122.185997 324
37.759800 -122.180000 300
37.759200 -122.236910 118
37.767502 -122.193001 324
37.768700 -122.208000 387
35.109720 -120.625600 205
35.109790 -120.625410 209
35.109890 -120.625180 237
35.110000 -120.625010 237
35.110070 -120.624790 237
35.104260 -120.629910 221
35.104330 -120.628850 227
35.104430 -120.628360 207
35.104640 -120.627750 235
35.107940 -120.623920 250
35.107790 -120.624660 232
35.107730 -120.624760 208
35.108600 -120.624460 245
35.108530 -120.624690 255
35.108350 -120.624970 213
35.107790 -120.624240 264
35.109090 -120.625270 205
35.109280 -120.624860 221
35.108940 -120.622310 245
35.110820 -120.621480 259
35.109970 -120.623000 229
35.105100 -120.629230 218
35.103270 -120.631070 203
35.104010 -120.631170 245
35.105110 -120.628500 217
35.105270 -120.627850 192
35.103690 -120.625900 194
35.101620 -120.624560 172
37.773240 -122.265940 108
35.100240 -120.618950 197
35.105520 -120.626820 214
35.109410 -120.628030 227
35.109650 -120.626430 254
35.107250 -120.626680 229
35.108170 -120.627950 224
35.098070 -120.618580 214
35.098270 -120.619110 206
35.097840 -120.618110 252
37.772300 -122.295520 118
37.804298 -87.666901 207
37.838200 -87.690804 259
37.872101 -87.701897 219
37.820400 -87.707298 237
37.927799 -87.492798 258
37.946301 -87.471199 238
37.951000 -87.572197 207
37.768180 -122.271680 120
37.941101 -87.568001 221
37.931801 -87.559502 214
37.929401 -87.502296 286
37.907200 -87.512001 229
37.915501 -87.527802 248
37.922901 -87.545303 230
37.991299 -87.458199 242
37.976501 -87.473503 248
37.989399 -87.473801 229
38.027500 -87.471397 230
37.760610 -122.258750 164
37.984001 -87.477402 200
37.977501 -87.487999 220
37.976299 -87.501900 232
37.982800 -87.501602 245
37.987999 -87.501701 250
37.992001 -87.547401 216
38.007999 -87.526398 218
37.989201 -87.527702 233
37.984299 -87.518997 240
37.738220 -122.237740 160
37.980999 -87.552803 237
37.987301 -87.562302 219
37.985600 -87.577904 247
37.982399 -87.585503 259
38.038101 -87.472801 262
38.049500 -87.473801 223
38.034901 -87.491898 237
37.979698 -87.593697 252
37.984001 -87.581596 230
37.988998 -87.552101 213
37.974201 -87.565903 245
37.979599 -87.625603 199
37.960201 -87.634102 214
38.025002 -87.594902 204
38.013500 -87.597801 253
38.053200 -87.504997 233
38.028099 -87.540497 236
37.991100 -87.445602 218
38.005798 -87.445396 233
38.006699 -87.436501 222
37.782830 -122.249140 182
37.743660 -122.259120 135
38.020100 -87.436501 269
38.088501 -87.465797 233
38.058300 -87.472900 241
37.980202 -87.450302 250
38.078098 -87.465797 213
34.052200 -117.217003 323
37.755010 -122.227230 148
34.077599 -117.216003 288
34.055698 -117.225998 252
34.018700 -117.189003 259
34.149300 -117.281998 260
34.107399 -117.282997 242
34.071201 -117.263001 278
34.080601 -117.196999 326
34.074501 -117.242996 274
37.863620 -122.314090 145
34.053299 -117.221001 306
34.063301 -117.230003 288
34.070202 -117.290001 283
34.064999 -117.285004 210
37.867310 -122.312330 155
34.061699 -117.292000 267
37.866340 -122.306540 146
34.102100 -117.304001 296
34.060600 -117.254997 296
34.051998 -117.252998 278
34.068199 -117.279999 271
37.871080 -122.305790 131
34.068600 -117.275002 262
34.071098 -117.252998 297
34.122398 -117.295998 308
37.861270 -122.301690 143
34.118698 -117.283997 259
34.109299 -117.307999 308
34.056000 -117.253998 282
37.858540 -122.301080 154
34.142399 -117.280998 314
34.136299 -117.280998 286
34.131901 -117.282997 286
34.125999 -117.282997 321
34.129002 -117.282997 328
37.850090 -122.295740 116
34.081100 -117.190002 291
34.081902 -117.208000 305
37.782870 -122.247780 159
37.853280 -122.299400 139
34.069199 -117.282997 231
34.012798 -117.035004 349
34.460899 -117.361000 472
37.867280 -122.303340 154
34.569500 -117.542000 395
34.521500 -117.542000 395
37.877600 -122.309420 143
37.863470 -122.304330 133
34.513802 -117.602997 469
37.451550 -122.115620 227
37.436410 -122.118610 222
37.456040 -122.117470 174
37.452990 -122.116640 207
37.453130 -121.915380 226
37.443210 -121.912060 211
37.425150 -121.874720 278
37.423030 -121.880580 270
37.423080 -121.928570 214
37.424520 -121.923990 254
37.430640 -122.129670 226
37.419150 -121.946170 236
37.419140 -121.949680 233
37.410870 -121.994900 248
37.395750 -122.021680 224
37.396570 -121.999380 229
37.881680 -122.300010 300
37.386880 -122.013450 240
37.392230 -121.982380 263
37.405060 -122.083150 230
37.395730 -122.021700 246
37.399920 -121.994180 244
37.410610 -121.986540 233
37.410160 -121.959830 248
37.412720 -121.926540 252
37.416620 -121.931680 231
37.422040 -121.976300 248
37.407750 -121.976720 213
37.395090 -121.987010 251
37.366930 -121.910040 189
37.874320 -122.279500 333
37.401440 -121.968540 224
37.391420 -121.956880 244
37.368940 -121.934590 201
37.363350 -121.937450 217
37.870550 -122.287550 319
37.359730 -121.917790 200
37.417620 -122.018950 254
37.412040 -122.020170 248
37.432910 -121.928730 231
37.781600 -122.250610 194
37.876530 -122.281150 349
37.410820 -122.046500 242
37.417630 -122.049970 254
37.423550 -122.052990 252
37.425660 -122.057770 250
37.357420 -121.922160 222
37.354730 -121.918950 216
37.362870 -121.928040 203
37.404940 -122.048420 250
37.402370 -122.038390 231
37.426880 -122.041290 256
37.864970 -122.298230 300
37.427540 -122.068290 251
37.376550 -121.890080 248
37.324260 -121.863900 229
37.351380 -121.883860 255
37.357280 -121.875410 216
37.347350 -121.872060 221
37.853660 -122.290290 349
37.334250 -121.868160 222
37.377010 -121.894370 222
37.425670 -121.966840 236
37.344450 -121.877590 195
37.364690 -121.890050 181
37.371930 -121.882500 219
37.376410 -121.873270 279
37.382290 -121.865920 345
37.391530 -121.888500 234
37.336710 -121.869520 236
37.316330 -121.903250 234
37.317780 -121.943530 299
37.856380 -122.275160 284
37.377680 -121.936310 261
37.316030 -121.797290 380
37.458720 -122.104550 172
37.452410 -122.135100 271
37.334590 -122.064850 390
37.342440 -121.943700 271
37.286810 -121.879090 305
37.382230 -121.969920 263
37.390730 -121.968020 275
37.414480 -121.939290 255
37.783100 -122.251780 180
37.864150 -122.291410 300
37.350490 -121.856220 230
37.341000 -121.836980 226
37.312350 -121.821490 239
37.385030 -121.914690 273
37.405170 -121.934190 278
37.864220 -122.283460 326
34.821152 -118.291283 287
34.805561 -118.396492 328
37.837520 -122.298810 130
38.234089 -122.162758 237
46.424919 -86.845367 240
46.418968 -86.834793 254
46.414341 -86.826210 240
46.429470 -86.872147 221
47.177719 -88.263443 205
47.158810 -88.244904 268
47.157860 -88.265778 319
47.167969 -88.268784 283
37.833800 -122.283650 291
47.166409 -88.244873 242
47.161701 -88.266418 252
45.958382 -86.293404 220
45.965172 -86.303139 221
45.962910 -86.299873 238
45.960659 -86.296707 206
37.841180 -122.290340 215
45.953911 -86.314217 214
45.965080 -86.270447 205
41.681122 -87.007423 278
41.683071 -87.002991 247
41.697430 -86.961777 271
41.656551 -87.047913 228
37.747770 -122.237080 200
37.844910 -122.287570 296
41.659771 -87.051117 241
41.656940 -87.060707 244
41.659679 -87.061897 250
41.659420 -87.065102 279
41.654110 -87.067436 234
41.659111 -87.069504 239
41.656929 -87.074783 287
41.622688 -87.220078 252
41.614960 -87.222794 259
41.619781 -87.216347 250
37.847920 -122.291630 278
41.654671 -87.009377 283
41.656422 -87.009613 297
41.661499 -87.009506 264
41.662540 -87.009697 271
41.679779 -87.009697 238
41.677410 -87.009567 233
41.675350 -87.009689 280
41.703720 -86.939636 265
41.703129 -86.943832 253
41.701099 -86.955383 303
33.286770 -92.344437 216
33.416920 -92.590607 271
33.338970 -92.527969 187
33.347721 -92.530441 238
37.837210 -122.290590 286
33.607529 -92.782822 286
33.294540 -92.475151 267
33.325180 -92.525772 221
33.330750 -92.527977 203
33.158741 -92.113487 219
37.831520 -122.290710 240
37.855380 -122.291440 319
33.606152 -93.810051 226
33.596958 -93.810257 245
33.610729 -93.815132 241
33.424530 -93.698914 213
33.414589 -93.692009 208
33.471401 -93.694206 261
33.090919 -93.850182 214
33.102760 -93.833893 259
33.113369 -93.821274 256
37.857420 -122.282590 256
33.490971 -93.923302 199
33.478809 -93.915787 236
33.472450 -93.885643 248
33.490120 -93.820053 286
33.571251 -93.875732 323
33.363029 -93.704117 231
33.505550 -94.010849 211
37.859620 -122.282730 268
25.947281 -97.546883 217
25.952709 -97.559662 214
25.957180 -97.568428 201
25.961081 -97.576073 233
25.965481 -97.584213 233
25.972851 -97.592110 233
25.981581 -97.597923 236
25.990311 -97.601807 236
25.999260 -97.603653 236
26.007931 -97.605476 234
37.859360 -122.269450 330
26.015350 -97.607010 259
26.023161 -97.622398 221
26.025761 -97.630836 232
26.029039 -97.640953 227
26.032860 -97.650963 225
26.039190 -97.658691 221
26.045219 -97.671272 201
26.044901 -97.682709 231
26.044411 -97.704697 236
26.049150 -97.720589 232
37.750600 -122.237080 134
37.856470 -122.269250 303
26.057011 -97.618080 232
26.046829 -97.624329 228
26.073950 -97.619690 240
26.084650 -97.630157 275
26.092079 -97.643967 241
26.106621 -97.647240 234
26.118679 -97.664360 224
26.061750 -97.665283 240
26.112671 -97.605949 221
26.124611 -97.574913 228
37.859130 -122.292620 361
26.089491 -97.543510 247
26.074110 -97.575577 236
35.093349 -89.710938 246
35.194641 -89.987289 254
35.192539 -89.956657 219
35.196011 -89.944366 214
35.170349 -89.900307 214
35.199718 -89.923798 238
35.191181 -89.918327 241
35.186611 -89.914551 200
35.156830 -89.881523 242
35.134090 -89.866081 254
35.133598 -89.853828 259
35.143108 -89.857933 234
35.128880 -89.836441 256
35.118420 -89.802162 200
35.100010 -89.765800 214
35.104450 -89.731644 242
37.879460 -122.302660 316
35.097969 -89.721184 236
35.101471 -89.715134 263
35.091129 -89.702423 243
35.078289 -89.651878 278
46.470959 -96.834488 191
46.499870 -96.747780 217
46.499920 -96.785294 208
46.499920 -96.827652 195
46.488930 -96.841423 222
37.876110 -122.301610 384
46.470631 -96.820007 180
46.471081 -96.799080 200
46.485001 -96.820290 177
46.478161 -96.841057 194
46.470791 -96.736099 234
46.470791 -96.751549 221
46.470772 -96.770866 243
46.427490 -96.742607 219
46.427460 -96.761139 219
46.427479 -96.793556 183
37.667850 -122.156840 222
46.427471 -96.825684 161
46.420090 -96.819679 175
46.405521 -96.819763 201
46.398430 -96.828362 197
46.427391 -96.808998 188
46.492741 -96.820541 188
46.499870 -96.768219 182
46.456371 -96.742844 189
46.441841 -96.746490 208
46.418282 -96.798653 191
28.979420 -95.285103 155
28.975620 -95.296310 159
28.979250 -95.268753 181
28.869129 -95.449249 188
28.887150 -95.481216 222
28.895910 -95.506317 179
28.914539 -95.546448 211
29.060141 -95.267593 154
29.065020 -95.255463 210
29.073931 -95.245956 199
29.058050 -95.229118 192
29.061600 -95.239883 195
29.037889 -95.267487 200
28.866770 -95.587219 248
28.876539 -95.584137 229
28.880489 -95.566223 214
28.880810 -95.557564 195
28.888460 -95.564957 219
28.883760 -95.575974 226
29.012699 -95.218292 175
37.806400 -122.316002 275
28.750050 -95.768967 197
28.758150 -95.774727 199
28.765110 -95.786713 211
28.774710 -95.612373 155
28.796440 -95.604408 174
28.801979 -95.610191 175
28.796570 -95.616692 158
28.789890 -95.629334 158
28.833139 -95.636498 167
28.825371 -95.644623 168
35.419762 -90.484093 254
36.220451 -89.961082 233
36.103352 -89.976936 234
35.981659 -89.985451 217
35.981419 -90.018066 208
35.981319 -90.034416 206
35.814091 -90.035133 210
35.841999 -90.017448 203
35.683781 -90.098671 208
35.715141 -90.072937 195
37.785050 -122.278970 178
37.801800 -122.314003 268
35.770981 -90.073700 204
35.981201 -90.057190 193
35.966862 -90.036789 196
35.952141 -90.036636 195
35.951870 -89.983109 211
35.951969 -90.004936 207
35.937710 -90.036484 195
35.807320 -90.091530 194
35.692799 -90.177544 212
35.625801 -90.088364 221
37.791698 -122.264000 130
36.833790 -89.373947 237
36.583920 -89.796089 214
36.481091 -89.817177 217
35.512959 -90.358147 227
35.569679 -90.322029 227
36.132320 -89.958420 228
36.008930 -89.958687 217
36.030731 -89.958542 217
36.059849 -89.958214 226
36.103401 -89.958527 217
37.798801 -122.267998 306
36.305592 -89.708061 226
36.386971 -89.737877 217
36.378830 -89.815521 217
36.328499 -89.808693 230
36.380249 -89.935204 218
36.800991 -89.747223 240
36.714378 -89.747421 210
35.831131 -90.303001 288
35.906109 -90.398651 242
35.933990 -90.332939 239
37.778000 -122.227997 314
35.777859 -90.563858 261
35.778481 -90.542374 227
35.779079 -90.513397 232
35.802940 -90.358223 240
35.801991 -90.309723 261
35.805031 -90.420624 250
35.792721 -90.470253 234
35.892220 -90.453697 251
35.736870 -90.322617 250
36.237331 -90.232201 244
37.758999 -122.196999 286
36.156189 -90.071480 246
36.126759 -90.087120 234
36.097488 -90.099899 238
36.046970 -90.150253 218
36.017250 -90.247810 223
36.157108 -90.301308 238
36.109692 -90.319763 234
36.047760 -90.368683 240
35.972240 -90.441483 232
35.932140 -90.287117 217
37.808102 -122.275002 373
35.931358 -90.154556 214
35.836861 -90.195763 244
35.800510 -90.201447 231
35.728310 -90.244186 223
35.685360 -90.571373 231
35.579449 -90.483513 226
35.559269 -90.537537 232
35.513931 -90.453056 249
35.538441 -90.555237 227
35.550339 -90.608566 217
37.771702 -122.207001 379
35.605480 -90.600433 244
35.634701 -90.566711 226
32.787399 -79.789970 263
32.802990 -79.747993 259
32.798721 -79.762932 234
32.795330 -79.773857 169
32.783772 -79.798813 155
32.769199 -79.818611 211
32.776600 -79.814537 163
37.802399 -122.231003 309
32.760201 -79.857018 224
32.759689 -79.842796 242
32.624531 -80.056450 219
32.617840 -80.018402 286
32.613590 -80.049042 273
32.610641 -80.060333 213
32.561680 -80.177429 208
32.570019 -80.158333 253
32.673569 -79.945236 203
37.729698 -122.200996 205
32.653759 -79.949570 246
32.648701 -79.960747 261
32.656891 -79.943260 259
32.662708 -79.927078 214
32.667721 -79.919296 226
32.675789 -79.901772 219
32.683350 -79.891502 210
32.589191 -80.151543 246
32.577751 -80.167526 244
32.572330 -80.178543 288
32.575260 -80.171204 286
32.662109 -79.935280 226
32.970329 -79.813469 306
32.975739 -79.806236 313
32.980431 -79.797623 309
32.984138 -79.786583 309
32.989941 -79.779846 179
32.904598 -79.923737 294
32.914982 -79.906143 227
32.923370 -79.898819 302
40.756483 -111.827764 401
40.579999 -111.855276 260
40.785129 -111.955024 205
40.769105 -112.100390 196
40.781821 -111.976735 198
40.628233 -111.927507 278
40.752125 -111.917997 177
40.683073 -111.910138 222
40.746972 -111.813479 354
40.746780 -111.825274 327
40.743691 -111.837779 590
40.731809 -111.856009 294
40.701010 -111.861911 269
40.705673 -111.820339 363
40.769866 -111.856604 303
40.718213 -111.861233 298
40.710279 -112.035164 212
40.770019 -111.889972 347
40.797999 -112.100962 184
40.778807 -112.100420 187
40.759178 -111.885764 248
40.784126 -111.954323 179
40.718851 -111.857773 327
40.782458 -111.909917 266
40.755805 -111.910596 180
40.718081 -111.903227 188
40.700195 -111.900203 216
40.654693 -111.900124 291
40.631983 -111.903390 325
40.620292 -111.903067 316
40.588042 -111.899407 265
40.558950 -111.897387 251
40.504195 -111.890249 240
40.699970 -111.900177 220
40.700151 -111.901233 215
40.724617 -111.922011 184
40.724833 -111.915206 190
40.725064 -111.913279 170
40.724537 -111.912727 168
40.718556 -111.896532 184
40.718407 -111.892552 195
40.718797 -111.889822 188
40.770977 -111.909298 161
40.755378 -111.908778 170
40.755375 -111.907996 166
40.755916 -111.903300 164
40.755873 -111.899592 168
40.758091 -111.908578 173
40.757951 -111.906929 161
40.758050 -111.904680 160
40.757995 -111.900094 165
40.764696 -111.912968 182
40.754871 -111.911318 162
40.755014 -111.909176 163
40.757410 -111.911613 175
40.763529 -111.914670 169
40.765258 -111.911305 194
40.762317 -111.912983 174
40.763379 -111.913152 195
40.767814 -111.910499 168
40.769377 -111.909928 175
40.769039 -111.910551 161
40.769040 -111.910468 176
40.764122 -111.918339 181
40.760374 -111.912637 180
40.759979 -111.913698 211
40.760866 -111.913165 211
40.764597 -111.915254 178
40.789165 -111.983954 198
40.769457 -111.900901 235
40.709865 -111.997311 311
40.772596 -111.891061 348
40.762761 -111.889685 257
40.802233 -111.936717 165
40.796136 -111.925359 251
40.784144 -111.931106 151
40.768407 -111.975745 191
40.758147 -111.958429 208
40.761113 -111.835308 364
40.750563 -111.842900 455
40.749546 -111.870699 325
40.721200 -111.861722 285
40.719655 -111.920593 198
40.717063 -111.983661 232
40.717869 -112.023596 248
40.705441 -111.942794 195
40.697316 -111.996224 271
40.673462 -112.012694 377
40.672619 -111.957345 307
40.667550 -112.039353 561
40.666167 -111.845693 313
40.657610 -111.883981 216
40.663681 -111.958637 352
40.659797 -111.985493 253
40.647511 -112.003064 287
40.623970 -111.975839 469
40.624449 -111.906008 273
40.606020 -111.940591 375
40.565701 -111.985399 308
40.558700 -111.833413 306
40.923507 -111.899094 173
40.919348 -111.901080 157
40.833595 -111.941903 160
41.219684 -111.970254 256
40.354652 -111.780648 180
40.190976 -111.625147 162
40.587931 -111.800619 465
40.394092 -111.782211 333
40.605861 -111.990882 352
40.521439 -111.930141 247
41.228540 -111.959277 189
41.225984 -111.945925 201
40.298529 -111.690521 323
40.709097 -111.839038 346
40.900970 -111.873026 272
40.895726 -111.881433 317
40.671285 -111.825656 269
40.703605 -111.846024 277
40.522869 -111.859566 219
40.522186 -111.901808 228
40.519489 -111.980803 336
40.595941 -112.016865 403
41.221987 -111.946726 201
40.515445 -111.960252 284
40.679944 -111.829230 288
40.473616 -111.892876 311
40.507343 -112.021521 394
40.366581 -112.039250 458
40.282860 -111.985550 501
40.588445 -112.035232 477
40.577160 -111.862647 288
40.570535 -111.812248 288
40.569269 -111.846787 254
40.476943 -111.753408 431
40.452132 -111.776445 353
40.884772 -111.853941 307
40.699297 -111.791641 708
40.572626 -111.822280 253
40.687187 -112.083669 423
40.513463 -112.036427 380
40.376977 -112.076774 434
40.565628 -112.098432 355
40.533438 -112.094766 464
40.304789 -111.976961 640
40.590673 -112.080218 399
40.595672 -112.078361 335
40.570466 -111.800127 413
40.624278 -111.786782 429
40.622635 -111.781939 510
40.571884 -111.802211 472
40.576521 -111.806449 453
40.723157 -111.907214 200
40.526869 -111.890431 253
40.526874 -111.889758 210
40.724089 -111.938309 217
41.205317 -111.993418 213
40.528610 -111.846948 307
40.705612 -111.890546 177
40.655194 -111.897079 244
41.202922 -111.984878 221
41.101928 -112.011471 261
41.309791 -112.100127 154
41.097051 -112.046213 244
41.069599 -111.968389 222
41.208380 -112.059972 167
41.264913 -112.111549 168
41.165378 -112.120700 173
41.079931 -111.917900 253
41.228816 -111.948853 202
41.228599 -111.974812 235
41.169872 -111.981701 219
41.144162 -111.925301 325
41.241161 -111.976335 204
41.318761 -111.954015 370
41.195333 -111.942335 225
41.184056 -111.960690 206
41.201983 -111.942013 348
41.254963 -111.958971 215
41.317059 -111.974373 330
40.900907 -111.909199 179
40.978933 -111.907417 192
41.027258 -111.937128 196
41.013312 -111.925026 221
40.882418 -111.890016 268
40.990457 -111.899028 231
40.843186 -111.907390 278
40.977254 -111.890481 238
40.872150 -111.860175 292
40.384944 -111.858977 202
40.278743 -111.702765 232
40.132526 -111.729262 169
40.058573 -111.686733 175
40.099049 -111.712738 157
40.401374 -111.787221 282
40.430701 -111.902824 246
40.238528 -111.671843 211
40.260823 -112.060937 236
40.131289 -111.577945 266
40.414096 -111.765589 447
40.295306 -111.651203 267
40.317379 -111.677885 341
40.373119 -111.738363 339
40.252734 -111.650195 256
40.686571 -112.083955 431
43.723590 -111.077630 513
43.813350 -111.158450 356
43.813370 -111.164350 345
43.854200 -111.172080 410
43.868580 -111.175780 401
43.772950 -111.046700 449
43.781100 -111.075120 427
43.733070 -111.101060 560
43.571740 -111.112710 405
43.663250 -111.074050 672
43.743740 -111.109010 618
43.723700 -111.116250 478
43.882600 -111.274830 377
43.860220 -111.275480 358
43.606700 -111.117040 712
43.714500 -111.047070 627
43.644010 -111.111940 652
43.659730 -111.112030 568
43.857090 -111.110720 489
43.639650 -111.184410 252
43.639670 -111.172040 265
43.598040 -111.102330 724
43.724280 -111.148530 377
43.593460 -111.102360 734
43.694250 -111.068520 634
43.755870 -111.220780 288
43.751920 -111.203450 288
43.752170 -111.206130 290
43.750330 -111.205700 310
43.754970 -111.228820 358
43.650270 -111.167570 217
40.226490 -111.710940 160
40.247500 -111.671100 190
40.087660 -111.598420 370
40.145180 -111.673670 200
40.122810 -111.646750 230
40.092780 -111.626130 350
40.223000 -111.721000 161
40.212000 -111.671000 202
40.135000 -111.661000 223
40.133000 -111.730000 223
40.823700 -112.067840 180
40.610990 -111.839960 280
40.584490 -111.915340 245
40.686560 -112.085760 480
40.686530 -112.086980 690
40.651900 -112.121100 620
40.652700 -112.120800 660
